9.999501074450463101e-01	9.909562081502525446e-04
9.999492459824973478e-01	1.007337260806587340e-03
9.999482182080751125e-01	1.026598006659674208e-03
9.999470189327234193e-01	1.048701051116322520e-03
9.999456421102389525e-01	1.073607652432420449e-03
9.999440808110197088e-01	1.101279153980113095e-03
9.999423271922922574e-01	1.131678371990728696e-03
9.999403724648096015e-01	1.164770892558243979e-03
9.999382068560167536e-01	1.200526242080002465e-03
9.999358195696858020e-01	1.238918906379105761e-03
9.999331987420215784e-01	1.279929184552581296e-03
9.999303313942529137e-01	1.323543873378946580e-03
9.999272033817224736e-01	1.369756786392947907e-03
9.999237993395031499e-01	1.418569118224649855e-03
9.999201026245739810e-01	1.469989669442276024e-03
9.999160952545999015e-01	1.524034950033416802e-03
9.999117578433689424e-01	1.580729181019052297e-03
9.999070695329551617e-01	1.640104213794196623e-03
9.999020079226837998e-01	1.702199385924283142e-03
9.998965489949910301e-01	1.767061330584820912e-03
9.998906670382810002e-01	1.834743754869709283e-03
9.998843345668978477e-01	1.905307200025248282e-03
9.998775222383395889e-01	1.978818794460394416e-03
9.998701987678575431e-01	2.055352008262066685e-03
9.998623308405896193e-01	2.134986415990270617e-03
9.998538830213913320e-01	2.217807472790383691e-03
9.998448176625323036e-01	2.303906307361673969e-03
9.998350948094343327e-01	2.393379534064796026e-03
9.998246721046312180e-01	2.486329085425486793e-03
9.998135046901305278e-01	2.582862065477337533e-03
9.998015451083592797e-01	2.683090623758853984e-03
9.997887432018680576e-01	2.787131849312708687e-03
9.997750460119665394e-01	2.895107683702050766e-03
9.997603976764463107e-01	3.007144851835580161e-03
9.997447393265426197e-01	3.123374809257578426e-03
9.997280089832644157e-01	3.243933704492028575e-03
9.997101414532056918e-01	3.368962355014741648e-03
9.996910682239339430e-01	3.498606235450425241e-03
9.996707173590221318e-01	3.633015476641560711e-03
9.996490133927736776e-01	3.772344874303938667e-03
9.996258772246577884e-01	3.916753906062642697e-03
9.996012260134523597e-01	4.066406755746824336e-03
9.995749730710623560e-01	4.221472343907771603e-03
9.995470277559570516e-01	4.382124363609549850e-03
9.995172953661480841e-01	4.548541320622909861e-03
9.994856770316069561e-01	4.720906577229817304e-03
9.994520696060011922e-01	4.899408398917065241e-03
9.994163655576165928e-01	5.084240003302546891e-03
9.993784528593159244e-01	5.275599610696740313e-03
9.993382148773825024e-01	5.473690495754992419e-03
9.992955302590903477e-01	5.678721039723379389e-03
9.992502728188441541e-01	5.890904782822652813e-03
9.992023114227432945e-01	6.110460476351542262e-03
9.991515098714283116e-01	6.337612134122749645e-03
9.990977267810898788e-01	6.572589082872846815e-03
9.990408154625374237e-01	6.815626011311467364e-03
9.989806237982497006e-01	7.066963017495912595e-03
9.989169941173540179e-01	7.326845654235081273e-03
9.988497630685164719e-01	7.595524972241950341e-03
9.987787614907513989e-01	7.873257560766580565e-03
9.987038142821983433e-01	8.160305585452854241e-03
9.986247402669445883e-01	8.456936823171107634e-03
9.985413520600109338e-01	8.763424693587025180e-03
9.984534559306506019e-01	9.080048287233476872e-03
9.983608516641462316e-01	9.407092389857856646e-03
9.982633324223235682e-01	9.744847502822099120e-03
9.981606846030287583e-01	1.009360985933675618e-02
9.980526876988483620e-01	1.045368143631404158e-02
9.979391141553730638e-01	1.082536996162800254e-02
9.978197292293328191e-01	1.120898891657279468e-02
9.976942908469490501e-01	1.160485753331269576e-02
9.975625494628681533e-01	1.201330078712021208e-02
9.974242479200537970e-01	1.243464938320096649e-02
9.972791213110275832e-01	1.286923973790685821e-02
9.971268968408562028e-01	1.331741395414152637e-02
9.969672936922887585e-01	1.377951979076494880e-02
9.968000228934532636e-01	1.425591062580727937e-02
9.966247871885208776e-01	1.474694541330501610e-02
9.964412809117487724e-01	1.525298863357641733e-02
9.962491898653098588e-01	1.577441023675676610e-02
9.960481912013157135e-01	1.631158557941849579e-02
9.958379533084357194e-01	1.686489535410568355e-02
9.956181357035115420e-01	1.743472551161748957e-02
9.953883889285619624e-01	1.802146717588050395e-02
9.951483544535687509e-01	1.862551655125587943e-02
9.948976645854319401e-01	1.924727482213349841e-02
9.946359423834749691e-01	1.988714804467194702e-02
9.943628015818830601e-01	2.054554703055072248e-02
9.940778465194486380e-01	2.122288722260859059e-02
9.937806720770021585e-01	2.191958856225019459e-02
9.934708636229004908e-01	2.263607534851200948e-02
9.931479969669446684e-01	2.337277608868766621e-02
9.928116383231035957e-01	2.413012334042263091e-02
9.924613442814127495e-01	2.490855354519824760e-02
9.920966617894262374e-01	2.570850685313601225e-02
9.917171281435941399e-01	2.653042693906407581e-02
9.913222709909472741e-01	2.737476080979948934e-02
9.909116083414650777e-01	2.824195860261221117e-02
9.904846485915114185e-01	2.913247337484895644e-02
9.900408905587203545e-01	3.004676088470848924e-02
9.895798235287202038e-01	3.098527936317307940e-02
9.891009273140813907e-01	3.194848927711475134e-02
9.886036723258786463e-01	3.293685308360930208e-02
9.880875196582566966e-01	3.395083497550555746e-02
9.875519211863901248e-01	3.499090061831215681e-02
9.869963196782253201e-01	3.605751687847979364e-02
9.864201489203919815e-01	3.715115154317176482e-02
9.858228338586698669e-01	3.827227303163217853e-02
9.852037907533902628e-01	3.942135009827646419e-02
9.845624273501473178e-01	4.059885152764564770e-02
9.838981430661891681e-01	4.180524582138200190e-02
9.832103291928484534e-01	4.304100087739976682e-02
9.824983691143643894e-01	4.430658366144203664e-02
9.817616385434364545e-01	4.560245987123106443e-02
9.809995057738364332e-01	4.692909359343561126e-02
9.802113319503930056e-01	4.828694695369620260e-02
9.793964713566452041e-01	4.967647975996554444e-02
9.785542717204441798e-01	5.109814913943719339e-02
9.776840745377627373e-01	5.255240916935314394e-02
9.767852154149493371e-01	5.403971050199546378e-02
9.758570244296439489e-01	5.556049998418459424e-02
9.748988265105418272e-01	5.711522027162165699e-02
9.739099418361710780e-01	5.870430943842697147e-02
9.728896862528141343e-01	6.032820058224358517e-02
9.718373717116803867e-01	6.198732142528681766e-02
9.707523067253962523e-01	6.368209391173723644e-02
9.696337968438523136e-01	6.541293380188618889e-02
9.684811451494073076e-01	6.718025026345730844e-02
9.672936527714094401e-01	6.898444546053923709e-02
9.660706194199629726e-01	7.082591414057738677e-02
9.648113439388186219e-01	7.270504321988259522e-02
9.635151248772293453e-01	7.462221136812714761e-02
9.621812610805685617e-01	7.657778859230593427e-02
9.608090522994603422e-01	7.857213582065249169e-02
9.593977998171258070e-01	8.060560448700568315e-02
9.579468070946025593e-01	8.267853611613139309e-02
9.564553804334429143e-01	8.479126191051117312e-02
9.549228296554496120e-01	8.694410233911352426e-02
9.533484687989519646e-01	8.913736672867135502e-02
9.517316168310794300e-01	9.137135285799088957e-02
9.500715983754313143e-01	9.364634655582147749e-02
9.483677444544920121e-01	9.596262130281953129e-02
9.466193932460860161e-01	9.832043783813822213e-02
9.448258908531121936e-01	1.007200437711778529e-01
9.429865920857460893e-01	1.031616731990302044e-01
9.411008612552409502e-01	1.056455463301483044e-01
9.391680729784074311e-01	1.081718691147720846e-01
9.371876129917982023e-01	1.107408328826355315e-01
9.351588789745688413e-01	1.133526139884777212e-01
9.330812813789376436e-01	1.160073734658752242e-01
9.309542442671137064e-01	1.187052566899055028e-01
9.287772061535135570e-01	1.214463930491463117e-01
9.265496208510370924e-01	1.242308956275063880e-01
9.242709583201299539e-01	1.270588608963743593e-01
9.219407055193080680e-01	1.299303684175636964e-01
9.195583672557841037e-01	1.328454805575198794e-01
9.171234670347894191e-01	1.358042422132459404e-01
9.146355479061485383e-01	1.388066805503888890e-01
9.120941733066226798e-01	1.418528047539177050e-01
9.094989278965176505e-01	1.449426057918094812e-01
9.068494183890039029e-01	1.480760561921451723e-01
9.041452743705821193e-01	1.512531098340030855e-01
9.013861491110991553e-01	1.544737017525196487e-01
8.985717203617014093e-01	1.577377479584736730e-01
8.957016911390887071e-01	1.610451452727308386e-01
8.927757904944291223e-01	1.643957711758686768e-01
8.897937742652819448e-01	1.677894836732836681e-01
8.867554258088645724e-01	1.712261211760646162e-01
8.836605567150160878e-01	1.747055023978955346e-01
8.805090074971917424e-01	1.782274262682327359e-01
8.773006482598536548e-01	1.817916718619818628e-01
8.740353793406206995e-01	1.853979983458782510e-01
8.707131319255634327e-01	1.890461449417552009e-01
8.673338686360559935e-01	1.927358309068639419e-01
8.638975840856204513e-01	1.964667555313851233e-01
8.604043054052354922e-01	2.002385981532556203e-01
8.568540927356091963e-01	2.040510181904078013e-01
8.532470396849750616e-01	2.079036551904995256e-01
8.495832737509982913e-01	2.117961288981918822e-01
8.458629567054475329e-01	2.157280393400075880e-01
8.420862849403301098e-01	2.196989669267833400e-01
8.382534897742631719e-01	2.237084725737073232e-01
8.343648377179068154e-01	2.277560978379092049e-01
8.304206306973632712e-01	2.318413650735521858e-01
8.264212062345186460e-01	2.359637776043506108e-01
8.223669375833837503e-01	2.401228199134182451e-01
8.182582338215634854e-01	2.443179578503302529e-01
8.140955398960897371e-01	2.485486388552597681e-01
8.098793366229186663e-01	2.528142922000295445e-01
8.056101406395120845e-01	2.571143292458993868e-01
8.012885043099868820e-01	2.614481437178869383e-01
7.969150155824504811e-01	2.658151119954023645e-01
7.924902977982171137e-01	2.702145934189544851e-01
7.880150094527026416e-01	2.746459306126688427e-01
7.834898439079219790e-01	2.791084498223350696e-01
7.789155290565943357e-01	2.836014612686875713e-01
7.742928269379896200e-01	2.881242595155992237e-01
7.696225333057383766e-01	2.926761238528517994e-01
7.649054771479592008e-01	2.972563186931315160e-01
7.601425201601508252e-01	3.018640939828737269e-01
7.553345561714053247e-01	3.064986856265733417e-01
7.504825105246225592e-01	3.111593159241509143e-01
7.455873394114860275e-01	3.158451940209565656e-01
7.406500291631064048e-01	3.205555163699718157e-01
7.356715954972959937e-01	3.252894672057609626e-01
7.306530827235857561e-01	3.300462190296996057e-01
7.255955629071593194e-01	3.348249331060060285e-01
7.205001349930006960e-01	3.396247599680748408e-01
7.153679238916395011e-01	3.444448399346095591e-01
7.102000795279574952e-01	3.492843036350322117e-01
7.049977758546299711e-01	3.541422725436385588e-01
6.997622098318316830e-01	3.590178595219561397e-01
6.944946003749441488e-01	3.639101693687507022e-01
6.891961872720504534e-01	3.688182993771187412e-01
6.838682300730904995e-01	3.737413398980916623e-01
6.785120069526056064e-01	3.786783749101699237e-01
6.731288135480637536e-01	3.836284825941991272e-01
6.677199617758042827e-01	3.885907359129883165e-01
6.622867786267090384e-01	3.935642031950690733e-01
6.568306049437075966e-01	3.985479487219851791e-01
6.513527941833254786e-01	4.035410333184970555e-01
6.458547111634269644e-01	4.085425149450825355e-01
6.403377307994324585e-01	4.135514492921129048e-01
6.348032368312042095e-01	4.185668903750757730e-01
6.292526205428836672e-01	4.235878911302178862e-01
6.236872794779362295e-01	4.286135040099814941e-01
6.181086161516533561e-01	4.336427815776003891e-01
6.125180367633717982e-01	4.386747771002314500e-01
6.069169499106515930e-01	4.437085451399892522e-01
6.013067653076189512e-01	4.487431421422621858e-01
5.956888925096921472e-01	4.537776270206861917e-01
5.900647396468277073e-01	4.588110617381542800e-01
5.844357121674390587e-01	4.638425118832524285e-01
5.788032115950587642e-01	4.688710472415106856e-01
5.731686342997844852e-01	4.738957423608669006e-01
5.675333702864989727e-01	4.789156771107492272e-01
5.618988020017977592e-01	4.839299372341925309e-01
5.562663031614711873e-01	4.889376148924070020e-01
5.506372376003747515e-01	4.939378092012365884e-01
5.450129581463842854e-01	4.989296267589474199e-01
5.393948055201167602e-01	5.039121821648024913e-01
5.337841072619915472e-01	5.088845985278921402e-01
5.281821766881217295e-01	5.138460079656995694e-01
5.225903118764605448e-01	5.187955520918976493e-01
5.170097946845270132e-01	5.237323824928907801e-01
5.114418897999584157e-01	5.286556611926251925e-01
5.058878438250287157e-01	5.335645611052136639e-01
5.003488843962021759e-01	5.384582664749347769e-01
4.948262193396771869e-01	5.433359733031897232e-01
4.893210358638078183e-01	5.481968897620095316e-01
4.838344997891598220e-01	5.530402365937380216e-01
4.783677548168948634e-01	5.578652474965224428e-01
4.729219218360682930e-01	5.626711694952785114e-01
4.674980982703238475e-01	5.674572632978039932e-01
4.620973574644006154e-01	5.722228036357521752e-01
4.567207481107250500e-01	5.769670795901838956e-01
4.513692937163462648e-01	5.816893949014513288e-01
4.460439921102783423e-01	5.863890682631893725e-01
4.407458149913368040e-01	5.910654336002004738e-01
4.354757075163755431e-01	5.957178403300674718e-01
4.302345879288123065e-01	6.003456536083301431e-01
4.250233472271915947e-01	6.049482545570972203e-01
4.198428488735150843e-01	6.095250404769930741e-01
4.146939285409302345e-01	6.140754250423522409e-01
4.095773939003500841e-01	6.185988384796125006e-01
4.044940244454624523e-01	6.230947277288727548e-01
3.994445713555374589e-01	6.275625565886121526e-01
3.944297573953914338e-01	6.320018058435913355e-01
3.894502768517662528e-01	6.364119733759752151e-01
3.845067955053752540e-01	6.407925742597547769e-01
3.795999506377547572e-01	6.451431408385522870e-01
3.747303510720851882e-01	6.494632227869336916e-01
3.698985772470042566e-01	6.537523871553643229e-01
3.651051813224827081e-01	6.580102183989747777e-01
3.603506873167542368e-01	6.622363183903207107e-01
3.556355912732227509e-01	6.664303064163470403e-01
3.509603614563114871e-01	6.705918191597840528e-01
3.463254385751359798e-01	6.747205106652272022e-01
3.417312360338714550e-01	6.788160522901712790e-01
3.371781402076811096e-01	6.828781326412872721e-01
3.326665107430263335e-01	6.869064574962535641e-01
3.281966808811999092e-01	6.909007497114635354e-01
3.237689578038931426e-01	6.948607491159557448e-01
3.193836229995796749e-01	6.987862123919261759e-01
3.150409326495745566e-01	7.026769129421946980e-01
3.107411180325040378e-01	7.065326407450163160e-01
3.064843859460594233e-01	7.103532021966370014e-01
3.022709191447922050e-01	7.141384199420125478e-01
2.981008767928150505e-01	7.178881326941087826e-01
2.939743949302094927e-01	7.216021950422250031e-01
2.898915869520056754e-01	7.252804772497830621e-01
2.858525440985903998e-01	7.289228650420344069e-01
2.818573359564022773e-01	7.325292593841445932e-01
2.779060109678654911e-01	7.360995762501244544e-01
2.739985969494120877e-01	7.396337463830757741e-01
2.701351016166095853e-01	7.431317150472271926e-01
2.663155131153057686e-01	7.465934417722430716e-01
2.625398005578283289e-01	7.500189000902734993e-01
2.588079145632452560e-01	7.534080772662439252e-01
2.551197878007404052e-01	7.567609740218473879e-01
2.514753355352055131e-01	7.600776042537342736e-01
2.478744561741426100e-01	7.633579947463658977e-01
2.443170318150432729e-01	7.666021848800161909e-01
2.408029287924174922e-01	7.698102263343862273e-01
2.373319982237016568e-01	7.729821827883009977e-01
2.339040765532529598e-01	7.761181296159539444e-01
2.305189860937806312e-01	7.792181535801422365e-01
2.271765355644588258e-01	7.822823525229587460e-01
2.238765206251267514e-01	7.853108350543612781e-01
2.206187244059322206e-01	7.883037202390682507e-01
2.174029180318405308e-01	7.912611372821929390e-01
2.142288611414836508e-01	7.941832252140333948e-01
2.110963023998067012e-01	7.970701325744196097e-01
2.080049800040474350e-01	7.999220170970151589e-01
2.049546221826165082e-01	8.027390453939429182e-01
2.019449476864245696e-01	8.055213926411194381e-01
1.989756662723171088e-01	8.082692422646423624e-01
1.960464791782373650e-01	8.109827856285827252e-01
1.931570795898071013e-01	8.136622217245121913e-01
1.903071530980281478e-01	8.163077568630837666e-01
1.874963781478412583e-01	8.189196043679731751e-01
1.847244264773354461e-01	8.214979842724737802e-01
1.819909635473442311e-01	8.240431230190242706e-01
1.792956489612967941e-01	8.265552531619296817e-01
1.766381368751605008e-01	8.290346130735326557e-01
1.740180763973138145e-01	8.314814466540760840e-01
1.714351119782792088e-01	8.338960030454684036e-01
1.688888837902213780e-01	8.362785363491772594e-01
1.663790280961151558e-01	8.386293053484352722e-01
1.639051776085969081e-01	8.409485732349506470e-01
1.614669618384327876e-01	8.432366073402879358e-01
1.590640074326057363e-01	8.454936788720753826e-01
1.566959385020603168e-01	8.477200626551829599e-01
1.543623769391097023e-01	8.499160368780034336e-01
1.520629427245625553e-01	8.520818828439520320e-01
1.497972542246052141e-01	8.542178847282901888e-01
1.475649284775867320e-01	8.563243293403712819e-01
1.453655814706901195e-01	8.584015058913836427e-01
1.431988284066967321e-01	8.604497057676672167e-01
1.410642839608613475e-01	8.624692223096580568e-01
1.389615625280860023e-01	8.644603505965146040e-01
1.368902784605094958e-01	8.664233872364558442e-01
1.348500462956321311e-01	8.683586301628493098e-01
1.328404809751461135e-01	8.702663784360566979e-01
1.308611980546221520e-01	8.721469320510533141e-01
1.289118139042088051e-01	8.740005917508201216e-01
1.269919459005393048e-01	8.758276588454940725e-01
1.251012126099736443e-01	8.776284350372671739e-01
1.232392339634048595e-01	8.794032222510052010e-01
1.214056314227829336e-01	8.811523224705556379e-01
1.196000281395500631e-01	8.828760375807044314e-01
1.178220491051757968e-01	8.845746692147373746e-01
1.160713212939975536e-01	8.862485186075516053e-01
1.143474737985253897e-01	8.878978864542632632e-01
1.126501379574641470e-01	8.895230727742461374e-01
1.109789474765706663e-01	8.911243767805290261e-01
1.093335385426210671e-01	8.927020967544863073e-01
1.077135499306387523e-01	8.942565299257384526e-01
1.061186231045893047e-01	8.957879723571833264e-01
1.045484023117376760e-01	8.972967188350698953e-01
1.030025346708663969e-01	8.987830627640328585e-01
1.014806702545480999e-01	9.002472960669870572e-01
9.998246216566175626e-02	9.016897090897967315e-01
9.850756660833492884e-02	9.031105905106138199e-01
9.705564295352120396e-02	9.045102272537944854e-01
9.562635379937312052e-02	9.058889044082875097e-01
9.421936502662731083e-02	9.072469051503956328e-01
9.283434584913019538e-02	9.085845106708047014e-01
9.147096885973082792e-02	9.099020001057744889e-01
9.012891007170775737e-02	9.111996504723894885e-01
8.880784895587556793e-02	9.124777366077601037e-01
8.750746847355372893e-02	9.137365311120705380e-01
8.622745510558649240e-02	9.149763042953635850e-01
8.496749887751997576e-02	9.161973241279566249e-01
8.372729338115425524e-02	9.173998561943884633e-01
8.250653579259747961e-02	9.185841636507787733e-01
8.130492688695201142e-02	9.197505071855045511e-01
8.012217104982644056e-02	9.208991449830881137e-01
7.895797628577283511e-02	9.220303326911853947e-01
7.781205422382087011e-02	9.231443233905816115e-01
7.668412012022052249e-02	9.242413675680806184e-01
7.557389285855775629e-02	9.253217130922012368e-01
7.448109494730048574e-02	9.263856051915673184e-01
7.340545251502317292e-02	9.274332864359029482e-01
7.234669530329496112e-02	9.284649967195325315e-01
7.130455665743473670e-02	9.294809732472902875e-01
7.027877351522582305e-02	9.304814505227479993e-01
6.926908639368856146e-02	9.314666603386669852e-01
6.827523937403545684e-02	9.324368317695861386e-01
6.729698008489215511e-02	9.333921911664576632e-01
6.633405968389094465e-02	9.343329621532425744e-01
6.538623283776334727e-02	9.352593656253846977e-01
6.445325770095289286e-02	9.361716197500763448e-01
6.353489589291072548e-02	9.370699399682413944e-01
6.263091247413210549e-02	9.379545389981500669e-01
6.174107592099487007e-02	9.388256268405930083e-01
6.086515809950832079e-02	9.396834107855426277e-01
6.000293423805491688e-02	9.405280954202202004e-01
5.915418289915730377e-02	9.413598826385081164e-01
5.831868595038425251e-02	9.421789716516335567e-01
5.749622853445268689e-02	9.429855590000555399e-01
5.668659903857320437e-02	9.437798385664946110e-01
5.588958906310448338e-02	9.445620015900415556e-01
5.510499338961449833e-02	9.453322366812790811e-01
5.433260994836031088e-02	9.460907298383681718e-01
5.357223978524172647e-02	9.468376644640307260e-01
5.282368702832651586e-02	9.475732213833806261e-01
5.208675885395797067e-02	9.482975788625491731e-01
5.136126545248487218e-02	9.490109126280505958e-01
5.064701999369891627e-02	9.497133958868392289e-01
4.994383859199680309e-02	9.504051993470145066e-01
4.925154027129308165e-02	9.510864912391205905e-01
4.856994692977334438e-02	9.517574373380027764e-01
4.789888330446379072e-02	9.524182009851717146e-01
4.723817693571019660e-02	9.530689431116430299e-01
4.658765813154908120e-02	9.537098222612019338e-01
4.594715993204057103e-02	9.543409946140656297e-01
4.531651807357683914e-02	9.549626140108987693e-01
4.469557095319764972e-02	9.555748319771516508e-01
4.408415959293221498e-02	9.561777977476878521e-01
4.348212760421055201e-02	9.567716582916645507e-01
4.288932115236032683e-02	9.573565583376431043e-01
4.230558892119307135e-02	9.579326403988911443e-01
4.173078207773661674e-02	9.585000447988554217e-01
4.116475423710974635e-02	9.590589096967760963e-01
4.060736142756105060e-02	9.596093711134162652e-01
4.005846205568752705e-02	9.601515629568828647e-01
3.951791687187466984e-02	9.606856170485172930e-01
3.898558893592296570e-02	9.612116631488306639e-01
3.846134358294073241e-02	9.617298289834667058e-01
3.794504838944834368e-02	9.622402402691691004e-01
3.743657313976178624e-02	9.627430207397347228e-01
3.693578979263834050e-02	9.632382921719372382e-01
3.644257244819493202e-02	9.637261744114025142e-01
3.595679731514000999e-02	9.642067853984180870e-01
3.547834267826543986e-02	9.646802411936665766e-01
3.500708886628089989e-02	9.651466560038606257e-01
3.454291821995125744e-02	9.656061422072761413e-01
3.408571506054269840e-02	9.660588103791624137e-01
3.363536565861169336e-02	9.665047693170193410e-01
3.319175820313358116e-02	9.669441260657365422e-01
3.275478277094412416e-02	9.673769859425745965e-01
3.232433129654654902e-02	9.678034525619828576e-01
3.190029754226753056e-02	9.682236278602494028e-01
3.148257706873891504e-02	9.686376121199641309e-01
3.107106720576235936e-02	9.690455039942976745e-01
3.066566702350781437e-02	9.694474005310795839e-01
3.026627730408282257e-02	9.698433971966775591e-01
2.987280051345819754e-02	9.702335878996636298e-01
2.948514077375441467e-02	9.706180650142676170e-01
2.910320383588149706e-02	9.709969194036071061e-01
2.872689705256115111e-02	9.713702404426945991e-01
2.835612935168896342e-02	9.717381160412135177e-01
2.799081121007207518e-02	9.721006326660581731e-01
2.763085462753078758e-02	9.724578753636404782e-01
2.727617310134811124e-02	9.728099277819514112e-01
2.692668160109468189e-02	9.731568721923823384e-01
2.658229654380728224e-02	9.734987895112962031e-01
2.624293576951630680e-02	9.738357593213535779e-01
2.590851851714115472e-02	9.741678598925865851e-01
2.557896540074533487e-02	9.744951682032217954e-01
2.525419838611875356e-02	9.748177599602492194e-01
2.493414076774114196e-02	9.751357096197362795e-01
2.461871714605756711e-02	9.754490904068897628e-01
2.430785340515329018e-02	9.757579743358583135e-01
2.400147669070218370e-02	9.760624322292793531e-01
2.369951538831116533e-02	9.763625337375757551e-01
2.340189910218148928e-02	9.766583473579882879e-01
2.310855863409244648e-02	9.769499404533569242e-01
2.281942596274033619e-02	9.772373792706489093e-01
2.253443422338363700e-02	9.775207289592259263e-01
2.225351768782690698e-02	9.778000535888655698e-01
2.197661174471754464e-02	9.780754161675233593e-01
2.170365288015951855e-02	9.783468786588471744e-01
2.143457865865805445e-02	9.786145019994405558e-01
2.116932770435153710e-02	9.788783461158746535e-01
2.090783968256004766e-02	9.791384699414563686e-01
2.065005528164753912e-02	9.793949314327490274e-01
2.039591619517000520e-02	9.796477875858465856e-01
2.014536510432407557e-02	9.798970944524095783e-01
1.989834566069137445e-02	9.801429071554581540e-01
1.965480246927953090e-02	9.803852799049252997e-01
1.941468107181487657e-02	9.806242660129761424e-01
1.917792793036610099e-02	9.808599179090917719e-01
1.894449041120438437e-02	9.810922871549191404e-01
1.871431676895385365e-02	9.813214244588934765e-01
1.848735613102192588e-02	9.815473796906315496e-01
1.826355848227356748e-02	9.817702018950990039e-01
1.804287464998288737e-02	9.819899393065549820e-01
1.782525628903974813e-02	9.822066393622767011e-01
1.761065586741628053e-02	9.824203487160643178e-01
1.739902665187587072e-02	9.826311132515315183e-01
1.719032269393672152e-02	9.828389780951800603e-01
1.698449881607344558e-02	9.830439876292674795e-01
1.678151059817101221e-02	9.832461855044630772e-01
1.658131436419307825e-02	9.834456146522990716e-01
1.638386716911366392e-02	9.836423172974190221e-01
1.618912678604222943e-02	9.838363349696260807e-01
1.599705169361320678e-02	9.840277085157308479e-01
1.580760106356571271e-02	9.842164781112061611e-01
1.562073474855796285e-02	9.844026832716491482e-01
1.543641327019251719e-02	9.845863628640501020e-01
1.525459780726068360e-02	9.847675551178761699e-01
1.507525018417776863e-02	9.849462976359709687e-01
1.489833285964636822e-02	9.851226274052674592e-01
1.472380891550217896e-02	9.852965808073234077e-01
1.455164204576953058e-02	9.854681936286825428e-01
1.438179654590043821e-02	9.856375010710537454e-01
1.421423730222481918e-02	9.858045377613234850e-01
1.404892978156491168e-02	9.859693377613978349e-01
1.388584002106263426e-02	9.861319345778740697e-01
1.372493461815649241e-02	9.862923611715509464e-01
1.356618072077186987e-02	9.864506499667750061e-01
1.340954601765664833e-02	9.866068328606267812e-01
1.325499872891988673e-02	9.867609412319502393e-01
1.310250759670827936e-02	9.869130059502281282e-01
1.295204187608789415e-02	9.870630573843022226e-01
1.280357132604581505e-02	9.872111254109458001e-01
1.265706620069362298e-02	9.873572394232859040e-01
1.251249724061032076e-02	9.875014283390839420e-01
1.236983566433746962e-02	9.876437206088684029e-01
1.222905316003597420e-02	9.877841442239290171e-01
1.209012187729863186e-02	9.879227267241736943e-01
1.195301441909335516e-02	9.880594952058451286e-01
1.181770383386948620e-02	9.881944763291082845e-01
1.168416360779289676e-02	9.883276963255003267e-01
1.155236765712897018e-02	9.884591810052548722e-01
1.142229032076103046e-02	9.885889557644972347e-01
1.129390635284943656e-02	9.887170455923134371e-01
1.116719091561613197e-02	9.888434750776963211e-01
1.104211957225353924e-02	9.889682684163699777e-01
1.091866827998333456e-02	9.890914494174954941e-01
1.079681338322191486e-02	9.892130415102569074e-01
1.067653160686987679e-02	9.893330677503356929e-01
1.055780004974093966e-02	9.894515508262683445e-01
1.044059617808457130e-02	9.895685130656920458e-01
1.032489781924239569e-02	9.896839764414852025e-01
1.021068315542228433e-02	9.897979625777948431e-01
1.009793071756348581e-02	9.899104927559605471e-01
9.986619379345751391e-03	9.900215879203352332e-01
9.876728351269070671e-03	9.901312686839999211e-01
9.768237174873073414e-03	9.902395553343840140e-01
9.661125717039698024e-03	9.903464678387788878e-01
9.555374164417651528e-03	9.904520258497617746e-01
9.450963017922364706e-03	9.905562487105188385e-01
9.347873087356406430e-03	9.906591554600789884e-01
9.246085486122934682e-03	9.907607648384494370e-01
9.145581626024634758e-03	9.908610952916682146e-01
9.046343212173124648e-03	9.909601649767622034e-01
8.948352237970746970e-03	9.910579917666185734e-01
8.851590980200385594e-03	9.911545932547732862e-01
8.756041994192553801e-03	9.912499867601118897e-01
8.661688109085852183e-03	9.913441893314902664e-01
8.568512423164142966e-03	9.914372177522702279e-01
8.476498299289869642e-03	9.915290885447796132e-01
8.385629360418866973e-03	9.916198179746911201e-01
8.295889485172902589e-03	9.917094220553254180e-01
8.207262803528680983e-03	9.917979165518752138e-01
8.119733692548036785e-03	9.918853169855601504e-01
8.033286772218262151e-03	9.919716386377049888e-01
7.947906901332624230e-03	9.920568965537464035e-01
7.863579173480350626e-03	9.921411055471702767e-01
7.780288913079025370e-03	9.922242802033783837e-01
7.698021671496135809e-03	9.923064348834893522e-01
7.616763223225464507e-03	9.923875837280696777e-01
7.536499562151854903e-03	9.924677406608024555e-01
7.457216897863383487e-03	9.925469193920893884e-01
7.378901652036695680e-03	9.926251334225886236e-01
7.301540454894950294e-03	9.927023960466953012e-01
7.225120141713725630e-03	9.927787203559559348e-01
7.149627749392539755e-03	9.928541192424236161e-01
7.075050513111413863e-03	9.929286054019581531e-01
7.001375863005088185e-03	9.930021913374637021e-01
6.928591420930940714e-03	9.930748893620739981e-01
6.856684997281647931e-03	9.931467116022767438e-01
6.785644587850359066e-03	9.932176700009880399e-01
6.715458370756821616e-03	9.932877763205725241e-01
6.646114703432792759e-03	9.933570421458061128e-01
6.577602119649306189e-03	9.934254788867924457e-01
6.509909326604224056e-03	9.934930977818272613e-01
6.443025202062302448e-03	9.935599099002094814e-01
6.376938791538666607e-03	9.936259261450069991e-01
6.311639305540017730e-03	9.936911572557730610e-01
6.247116116854911638e-03	9.937556138112151327e-01
6.183358757873458345e-03	9.938193062318168014e-01
6.120356917988067913e-03	9.938822447824157136e-01
6.058100441008074100e-03	9.939444395747348837e-01
5.996579322633199816e-03	9.940059005698717032e-01
5.935783707976316492e-03	9.940666375807419852e-01
5.875703889121508539e-03	9.941266602744838199e-01
5.816330302718775158e-03	9.941859781748176861e-01
5.757653527650674619e-03	9.942446006643669287e-01
5.699664282691863093e-03	9.943025369869376018e-01
5.642353424260782013e-03	9.943597962497594533e-01
5.585711944168569865e-03	9.944163874256869429e-01
5.529730967433588162e-03	9.944723193553643981e-01
5.474401750123925048e-03	9.945276007493523140e-01
5.419715677238534646e-03	9.945822401902159049e-01
5.365664260624347648e-03	9.946362461345805706e-01
5.312239136933127881e-03	9.946896269151503933e-01
5.259432065609082052e-03	9.947423907426914402e-01
5.207234926918102857e-03	9.947945457079819809e-01
5.155639719996663040e-03	9.948460997837293984e-01
5.104638560962215799e-03	9.948970608264525728e-01
5.054223681023928272e-03	9.949474365783337326e-01
5.004387424640488469e-03	9.949972346690393321e-01
4.955122247724430551e-03	9.950464626175066218e-01
4.906420715847570335e-03	9.950951278337019090e-01
4.858275502501396836e-03	9.951432376203511732e-01
4.810679387376226579e-03	9.951907991746349325e-01
4.763625254673331533e-03	9.952378195898587965e-01
4.717106091445155691e-03	9.952843058570968182e-01
4.671114985964952560e-03	9.953302648668034269e-01
4.625645126121513684e-03	9.953757034103968282e-01
4.580689797847981026e-03	9.954206281818226421e-01
4.536242383560429303e-03	9.954650457790824580e-01
4.492296360654846055e-03	9.955089627057434054e-01
4.448845299996562197e-03	9.955523853724168593e-01
4.405882864452093095e-03	9.955953200982150531e-01
4.363402807446514764e-03	9.956377731121844876e-01
4.321398971541046130e-03	9.956797505547110294e-01
4.279865287029616105e-03	9.957212584789038035e-01
4.238795770575176647e-03	9.957623028519558828e-01
4.198184523854675554e-03	9.958028895564831062e-01
4.158025732229675420e-03	9.958430243918371394e-01
4.118313663444617134e-03	9.958827130753985513e-01
4.079042666347620916e-03	9.959219612438494629e-01
4.040207169612397564e-03	9.959607744544214381e-01
4.001801680523997540e-03	9.959991581861266097e-01
3.963820783737914688e-03	9.960371178409648252e-01
3.926259140093701916e-03	9.960746587451131395e-01
3.889111485429364024e-03	9.961117861500921045e-01
3.852372629424505313e-03	9.961485052339174029e-01
3.816037454467124945e-03	9.961848211022286126e-01
3.780100914523298883e-03	9.962207387894000954e-01
3.744558034044609407e-03	9.962562632596332346e-01
3.709403906874575441e-03	9.962913994080333513e-01
3.674633695198048500e-03	9.963261520616635281e-01
3.640242628477285969e-03	9.963605259805855541e-01
3.606226002435430900e-03	9.963945258588818854e-01
3.572579178036217051e-03	9.964281563256601748e-01
3.539297580488653949e-03	9.964614219460425915e-01
3.506376698273694359e-03	9.964943272221380433e-01
3.473812082170679716e-03	9.965268765939975237e-01
3.441599344320311893e-03	9.965590744405569135e-01
3.409734157281296696e-03	9.965909250805596864e-01
3.378212253126289255e-03	9.966224327734679589e-01
3.347029422533953635e-03	9.966536017203582176e-01
3.316181513903893041e-03	9.966844360648007273e-01
3.285664432475465802e-03	9.967149398937262816e-01
3.255474139493119701e-03	9.967451172382769675e-01
3.225606651334200770e-03	9.967749720746454933e-01
3.196058038707927373e-03	9.968045083248990856e-01
3.166824425811398669e-03	9.968337298577895078e-01
3.137901989552327464e-03	9.968626404895527537e-01
3.109286958737245143e-03	9.968912439846913109e-01
3.080975613307890271e-03	9.969195440567480970e-01
3.052964283580594795e-03	9.969475443690662964e-01
3.025249349478675853e-03	9.969752485355339866e-01
2.997827239805461730e-03	9.970026601213227702e-01
2.970694431511877731e-03	9.970297826436080868e-01
2.943847448986014470e-03	9.970566195722834202e-01
2.917282863341141841e-03	9.970831743306581840e-01
2.890997291721153495e-03	9.971094502961481698e-01
2.864987396640539252e-03	9.971354508009530049e-01
2.839249885279615526e-03	9.971611791327231744e-01
2.813781508851698199e-03	9.971866385352158302e-01
2.788579061949292281e-03	9.972118322089407183e-01
2.763639381883620239e-03	9.972367633117961150e-01
2.738959348089098356e-03	9.972614349596939931e-01
2.714535881484958502e-03	9.972858502271754189e-01
2.690365943867401022e-03	9.973100121480148461e-01
2.666446537312627818e-03	9.973339237158176385e-01
2.642774703590977659e-03	9.973575878846053788e-01
2.619347523590276339e-03	9.973810075693937405e-01
2.596162116727307456e-03	9.974041856467600331e-01
2.573215640402803928e-03	9.974271249554019780e-01
2.550505289452886792e-03	9.974498282966873797e-01
2.528028295582629426e-03	9.974722984351971355e-01
2.505781926853023478e-03	9.974945380992567001e-01
2.483763487141965598e-03	9.975165499814599990e-01
2.461970315633443818e-03	9.975383367391881251e-01
2.440399786299285445e-03	9.975599009951144902e-01
2.419049307398224435e-03	9.975812453377066458e-01
2.397916320993176420e-03	9.976023723217180006e-01
2.376998302444977007e-03	9.976232844686726553e-01
2.356292759947864468e-03	9.976439842673422431e-01
2.335797234053083038e-03	9.976644741742144440e-01
2.315509297207807293e-03	9.976847566139570578e-01
2.295426553294288574e-03	9.977048339798714194e-01
2.275546637179770570e-03	9.977247086343404847e-01
2.255867214281948030e-03	9.977443829092701444e-01
2.236385980120325634e-03	9.977638591065239870e-01
2.217100659895887560e-03	9.977831394983486257e-01
2.198009008071655224e-03	9.978022263277950277e-01
2.179108807945584481e-03	9.978211218091346257e-01
2.160397871252883739e-03	9.978398281282649940e-01
2.141874037755897575e-03	9.978583474431107492e-01
2.123535174847202001e-03	9.978766818840212327e-01
2.105379177166355475e-03	9.978948335541589776e-01
2.087403966207546091e-03	9.979128045298801819e-01
2.069607489944336187e-03	9.979305968611157374e-01
2.051987722452075502e-03	9.979482125717409335e-01
2.034542663551630604e-03	9.979656536599411654e-01
2.017270338439458577e-03	9.979829220985727556e-01
2.000168797327561698e-03	9.980000198355168939e-01
1.983236115105757591e-03	9.980169487940300233e-01
1.966470390989294437e-03	9.980337108730865658e-01
1.949869748173904682e-03	9.980503079477185402e-01
1.933432333511175827e-03	9.980667418693484061e-01
1.917156317178037028e-03	9.980830144661181347e-01
1.901039892336586767e-03	9.980991275432122833e-01
1.885081274839661702e-03	9.981150828831775179e-01
1.869278702897325672e-03	9.981308822462349184e-01
1.853630436771336321e-03	9.981465273705887320e-01
1.838134758476162034e-03	9.981620199727336828e-01
1.822789971466898251e-03	9.981773617477512905e-01
1.807594400353829123e-03	9.981925543696069658e-01
1.792546390606331030e-03	9.982075994914403338e-01
1.777644308269099582e-03	9.982224987458517829e-01
1.762886539668384600e-03	9.982372537451836836e-01
1.748271491140762635e-03	9.982518660817998324e-01
1.733797588772345577e-03	9.982663373283580110e-01
1.719463278099464532e-03	9.982806690380799930e-01
1.705267023864309728e-03	9.982948627450168866e-01
1.691207309746256549e-03	9.983089199643114808e-01
1.677282638104626855e-03	9.983228421924548179e-01
1.663491529717120443e-03	9.983366309075411005e-01
1.649832523540339935e-03	9.983502875695169365e-01
1.636304176456659931e-03	9.983638136204284752e-01
1.622905063028312611e-03	9.983772104846643236e-01
1.609633775262020450e-03	9.983904795691930234e-01
1.596488922373850983e-03	9.984036222638015268e-01
1.583469130548298409e-03	9.984166399413239024e-01
1.570573042720346812e-03	9.984295339578729278e-01
1.557799318344654793e-03	9.984423056530631335e-01
1.545146633164851124e-03	9.984549563502360670e-01
1.532613679013250518e-03	9.984674873566738995e-01
1.520199163571378520e-03	9.984798999638194728e-01
1.507901810180234392e-03	9.984921954474881289e-01
1.495720357608698592e-03	9.985043750680738794e-01
1.483653559871456196e-03	9.985164400707587928e-01
1.471700185994517796e-03	9.985283916857147224e-01
1.459859019847575823e-03	9.985402311283032573e-01
1.448128859924402434e-03	9.985519595992748965e-01
1.436508519145451857e-03	9.985635782849607844e-01
1.424996824692326136e-03	9.985750883574654457e-01
1.413592617784287242e-03	9.985864909748569662e-01
1.402294753517718817e-03	9.985977872813508460e-01
1.391102100669394659e-03	9.986089784074944076e-01
1.380013541518732012e-03	9.986200654703473178e-01
1.369027971670488952e-03	9.986310495736597792e-01
1.358144299876018479e-03	9.986419318080486107e-01
1.347361447866068929e-03	9.986527132511682225e-01
1.336678350175146690e-03	9.986633949678841438e-01
1.326093953968321415e-03	9.986739780104383346e-01
1.315607218884240481e-03	9.986844634186156089e-01
1.305217116871482119e-03	9.986948522199087241e-01
1.294922632019024356e-03	9.987051454296755892e-01
1.284722760401812991e-03	9.987153440513014679e-01
1.274616509927994912e-03	9.987254490763539660e-01
1.264602900181821532e-03	9.987354614847351320e-01
1.254680962265553035e-03	9.987453822448371099e-01
1.244849738659015159e-03	9.987552123136892446e-01
1.235108283069941137e-03	9.987649526371064068e-01
1.225455660275875935e-03	9.987746041498345440e-01
1.215890946000941497e-03	9.987841677756934544e-01
1.206413226757629964e-03	9.987936444277197845e-01
1.197021599716019402e-03	9.988030350083046960e-01
1.187715172559333787e-03	9.988123404093315338e-01
1.178493063358487802e-03	9.988215615123137159e-01
1.169354400425648421e-03	9.988306991885239627e-01
1.160298322186892328e-03	9.988397542991296341e-01
1.151323977067852944e-03	9.988487276953210703e-01
1.142430523336290804e-03	9.988576202184400454e-01
1.133617128997288503e-03	9.988664327001053334e-01
1.124882971660134956e-03	9.988751659623380519e-01
1.116227238422085044e-03	9.988838208176828992e-01
1.107649125737908413e-03	9.988923980693316107e-01
1.099147839306091612e-03	9.989008985112387551e-01
1.090722593956483522e-03	9.989093229282431929e-01
1.082372613515292237e-03	9.989176720961809863e-01
1.074097130713158599e-03	9.989259467820013061e-01
1.065895387064363931e-03	9.989341477438787864e-01
1.057766632741818924e-03	9.989422757313251022e-01
1.049710126485026151e-03	9.989503314852972160e-01
1.041725135491500254e-03	9.989583157383077339e-01
1.033810935295975675e-03	9.989662292145297107e-01
1.025966809675704638e-03	9.989740726299033424e-01
1.018192050539989957e-03	9.989818466922378848e-01
1.010485957842255367e-03	9.989895521013149038e-01
1.002847839456033618e-03	9.989971895489900833e-01
9.952770110979169971e-04	9.990047597192904805e-01
9.877727962135374185e-04	9.990122632885146681e-01
9.803345258855289401e-04	9.990197009253287685e-01
9.729615387464862764e-04	9.990270732908616003e-01
9.656531808683865847e-04	9.990343810387990464e-01
9.584088056842077208e-04	9.990416248154765366e-01
9.512277738870089649e-04	9.990488052599724167e-01
9.441094533425564705e-04	9.990559230041951011e-01
9.370532190036140463e-04	9.990629786729754436e-01
9.300584528201261136e-04	9.990699728841512250e-01
9.231245436448487496e-04	9.990769062486574148e-01
9.162508871571883873e-04	9.990837793706094372e-01
9.094368857759382863e-04	9.990905928473877706e-01
9.026819485751236272e-04	9.990973472697212143e-01
8.959854912025111418e-04	9.991040432217701550e-01
8.893469357995620328e-04	9.991106812812055038e-01
8.827657109193864926e-04	9.991172620192901865e-01
8.762412514426998200e-04	9.991237860009566374e-01
8.697729985179813994e-04	9.991302537848862908e-01
8.633603994665506320e-04	9.991366659235838554e-01
8.570029077078489266e-04	9.991430229634562510e-01
8.506999827021521909e-04	9.991493254448832184e-01
8.444510898523160947e-04	9.991555739022944804e-01
8.382557004501522968e-04	9.991617688642400186e-01
8.321132915937168306e-04	9.991679108534637921e-01
8.260233461303556624e-04	9.991740003869722386e-01
8.199853525624467565e-04	9.991800379761058837e-01
8.139988050068769354e-04	9.991860241266069531e-01
8.080632031010059890e-04	9.991919593386883180e-01
8.021780519645860252e-04	9.991978441071001082e-01
7.963428620963997062e-04	9.992036789211949932e-01
7.905571493498353419e-04	9.992094642649947955e-01
7.848204348306353495e-04	9.992152006172541068e-01
7.791322448604809381e-04	9.992208884515240142e-01
7.734921109057157906e-04	9.992265282362142731e-01
7.678995695067358795e-04	9.992321204346569230e-01
7.623541622302498766e-04	9.992376655051651291e-01
7.568554355992240801e-04	9.992431639010943556e-01
7.514029410471412262e-04	9.992486160709023180e-01
7.459962348336235394e-04	9.992540224582069364e-01
7.406348780156779554e-04	9.992593835018445114e-01
7.353184363705356219e-04	9.992646996359266787e-01
7.300464803448036832e-04	9.992699712898969189e-01
7.248185850060595570e-04	9.992751988885867354e-01
7.196343299747942623e-04	9.992803828522697218e-01
7.144932993803365662e-04	9.992855235967157412e-01
7.093950818046756979e-04	9.992906215332453268e-01
7.043392702268391758e-04	9.992956770687815293e-01
6.993254619710453923e-04	9.993006906059028749e-01
6.943532586656253613e-04	9.993056625428933248e-01
6.894222661754101367e-04	9.993105932737956776e-01
6.845320945574329130e-04	9.993154831884575318e-01
6.796823580247357555e-04	9.993203326725854652e-01
6.748726748753153259e-04	9.993251421077902208e-01
6.701026674660326421e-04	9.993299118716358898e-01
6.653719621461107181e-04	9.993346423376876508e-01
6.606801892237168516e-04	9.993393338755585109e-01
6.560269829096743166e-04	9.993439868509560453e-01
6.514119812808250032e-04	9.993486016257264737e-01
6.468348262331780063e-04	9.993531785579009563e-01
6.422951634265094967e-04	9.993577180017388928e-01
6.377926422604929257e-04	9.993622203077732191e-01
6.333269158141918709e-04	9.993666858228510419e-01
6.288976408139745899e-04	9.993711148901779362e-01
6.245044775816666061e-04	9.993755078493591348e-01
6.201470900051297974e-04	9.993798650364411618e-01
6.158251454944085879e-04	9.993841867839508009e-01
6.115383149334352453e-04	9.993884734209358411e-01
6.072862726528294175e-04	9.993927252730046007e-01
6.030686963804932077e-04	9.993969426623622310e-01
5.988852672196287585e-04	9.994011259078511289e-01
5.947356695923389225e-04	9.994052753249849097e-01
5.906195912181999574e-04	9.994093912259849333e-01
5.865367230785123454e-04	9.994134739198162753e-01
5.824867593710036928e-04	9.994175237122200350e-01
5.784693974945076533e-04	9.994215409057466415e-01
5.744843379978936682e-04	9.994255257997882724e-01
5.705312845699639368e-04	9.994294786906074979e-01
5.666099439930460946e-04	9.994333998713670342e-01
5.627200261247855551e-04	9.994372896321582767e-01
5.588612438720552689e-04	9.994411482600238372e-01
5.550333131660867281e-04	9.994449760389851889e-01
5.512359529369348365e-04	9.994487732500610955e-01
5.474688851034859027e-04	9.994525401712882617e-01
5.437318345478114878e-04	9.994562770777374316e-01
5.400245291022898186e-04	9.994599842415291535e-01
5.363466995437216056e-04	9.994636619318413295e-01
5.326980795862246154e-04	9.994673104149188747e-01
5.290784058691322400e-04	9.994709299540762704e-01
5.254874179725366190e-04	9.994745208096936784e-01
5.219248584087399223e-04	9.994780832392149428e-01
5.183904726447918776e-04	9.994816174971333789e-01
5.148840091157014243e-04	9.994851238349738987e-01
5.114052192485285531e-04	9.994886025012694741e-01
5.079538574931374839e-04	9.994920537415303841e-01
5.045296813681598991e-04	9.994954777982028027e-01
5.011324514979653699e-04	9.994988749106211712e-01
4.977619316817172290e-04	9.995022453149503550e-01
4.944178889584316394e-04	9.995055892441178091e-01
4.911000936806964035e-04	9.995089069277321991e-01
4.878083196155902357e-04	9.995121985919912522e-01
4.845423440483775934e-04	9.995154644595778404e-01
4.813019478940860907e-04	9.995187047495375232e-01
4.780869158468314950e-04	9.995219196771462089e-01
4.748970365191507170e-04	9.995251094537549452e-01
4.717321026203036283e-04	9.995282742866250514e-01
4.685919111337977228e-04	9.995314143787362715e-01
4.654762635343256960e-04	9.995345299285822716e-01
4.623849660075896040e-04	9.995376211299451530e-01
4.593178297047639802e-04	9.995406881716429881e-01
4.562746710055076704e-04	9.995437312372635885e-01
4.532553118135052017e-04	9.995467505048704071e-01
4.502595798729913668e-04	9.995497461466882338e-01
4.472873091065920903e-04	9.995527183287642448e-01
4.443383399718170423e-04	9.995556672106082896e-01
4.414125198510809867e-04	9.995585929448067564e-01
4.385097034534934934e-04	9.995614956766184500e-01
4.356297532468467182e-04	9.995643755435458244e-01
4.327725399005943885e-04	9.995672326748878955e-01
4.299379427545879651e-04	9.995700671912728374e-01
4.271258503054653488e-04	9.995728792041754796e-01
4.243361606913742534e-04	9.995756688154199265e-01
4.215687822214375657e-04	9.995784361166720755e-01
4.188236338714679263e-04	9.995811811889210308e-01
4.161006458163196697e-04	9.995839041019611848e-01
4.133997599464755979e-04	9.995866049138714127e-01
4.107209303790826382e-04	9.995892836705002615e-01
4.080641239669891007e-04	9.995919404049649071e-01
4.054293207813586264e-04	9.995945751371617671e-01
4.028165145774087463e-04	9.995971878733060922e-01
4.002257132219577684e-04	9.995997786054974243e-01
3.976569390954365346e-04	9.996023473113232471e-01
3.951102294424968520e-04	9.996048939535098210e-01
3.925856366653324159e-04	9.996074184796214235e-01
3.900832285701483215e-04	9.996099208218236498e-01
3.876030885286985139e-04	9.996124008967122165e-01
3.851453155812034623e-04	9.996148586052187035e-01
3.827100244424563869e-04	9.996172938325997848e-01
3.802973454223312899e-04	9.996197064485154993e-01
3.779074242494795399e-04	9.996220963072082188e-01
3.755404217972158065e-04	9.996244632477822023e-01
3.731965136828385710e-04	9.996268070945919515e-01
3.708758897712494118e-04	9.996291276577463636e-01
3.685787535624429623e-04	9.996314247337266812e-01
3.663053214392197887e-04	9.996336981061239024e-01
3.640558218223066689e-04	9.996359475464992039e-01
3.618304941862549029e-04	9.996381728153588275e-01
3.596295879676469909e-04	9.996403736632490933e-01
3.574533613525110454e-04	9.996425498319664316e-01
3.553020799669237562e-04	9.996447010558749957e-01
3.531760154454888223e-04	9.996468270633256381e-01
3.510754439234320401e-04	9.996489275781736961e-01
3.490006444374360584e-04	9.996510023213763807e-01
3.469518972478713437e-04	9.996530510126679925e-01
3.449294821010751022e-04	9.996550733722961990e-01
3.429336764529944404e-04	9.996570691228046091e-01
3.409647536457560690e-04	9.996590379908527613e-01
3.390229810706912872e-04	9.996609797090515448e-01
3.371086183268090508e-04	9.996628940178037270e-01
3.352219154011404356e-04	9.996647806671321579e-01
3.333631108628498652e-04	9.996666394184764437e-01
3.315324301087496650e-04	9.996684700464458784e-01
3.297300836802019575e-04	9.996702723405125335e-01
3.279562656409718002e-04	9.996720461066258556e-01
3.262111520536681297e-04	9.996737911687375577e-01
3.244948995533292191e-04	9.996755073702263683e-01
3.228076440490168508e-04	9.996771945752014332e-01
3.211494995370989258e-04	9.996788526696839261e-01
3.195205570569736864e-04	9.996804815626515461e-01
3.179208837897906648e-04	9.996820811869409074e-01
3.163505223046092496e-04	9.996836515000019352e-01
3.148094899573239402e-04	9.996851924844974979e-01
3.132977784449098024e-04	9.996867041487511596e-01
3.118153535098810991e-04	9.996881865270376144e-01
3.103621548081747505e-04	9.996896396797202433e-01
3.089380959180321184e-04	9.996910636932372363e-01
3.075430645065324597e-04	9.996924586799401657e-01
3.061769226258004295e-04	9.996938247777924502e-01
3.048395071550968893e-04	9.996951621499323704e-01
3.035306303557083751e-04	9.996964709841109631e-01
3.022500805582861716e-04	9.996977514920124541e-01
3.009976229456645669e-04	9.996990039084668878e-01
2.997730004372645141e-04	9.997002284905662783e-01
2.985759346607608222e-04	9.997014255166926100e-01
2.974061269952477105e-04	9.997025952854747821e-01
2.962632596855696576e-04	9.997037381146763879e-01
2.951469970010611732e-04	9.997048543400334220e-01
2.940569864436914926e-04	9.997059443140499102e-01
2.929928599819664470e-04	9.997070084047593452e-01
2.919542353113646627e-04	9.997080469944684689e-01
2.909407171234335010e-04	9.997090604784878431e-01
2.899518983765503322e-04	9.997100492638567593e-01
2.889873615637972293e-04	9.997110137680811359e-01
2.880466799635161834e-04	9.997119544178794115e-01
2.871294188730999508e-04	9.997128716479503074e-01
2.862351368089210979e-04	9.997137658997721221e-01
2.853633866798377383e-04	9.997146376204288920e-01
2.845137169195099958e-04	9.997154872614816279e-01
2.836856725750847019e-04	9.997163152778731909e-01
2.828787963528034410e-04	9.997171221268884578e-01
2.820926296148718038e-04	9.997179082671557859e-01
2.813267133228158912e-04	9.997186741577038793e-01
2.805805889293244704e-04	9.997194202570679478e-01
2.798537992189098489e-04	9.997201470224513775e-01
2.791458890919473745e-04	9.997208549089428020e-01
2.784564062925376504e-04	9.997215443687842429e-01
2.777849020872968921e-04	9.997222158506972045e-01
2.771309318853054648e-04	9.997228697992568414e-01
